497432858
522160582
538827119
538986229
554678442
558651608
566885854
587288100
601893934
620274895
639841665
655261420
693416678
730794403
731604991
736236773
760067652
760884349
764326117
770882456
793605978
802922362
805472739
813463849
821530042
834667662


497432858,522160582,538827119,538986229,554678442,558651608,566885854,587288100,601893934,620274895,639841665,655261420,693416678,730794403,731604991,736236773,760067652,760884349,764326117,770882456,793605978,802922362,805472739,813463849,821530042,834667662